2.86224234878513 2.93221565692232 0 0.5

2.86224234878513 2.93221565692232 1 0.5

2.86224234878513 2.93221565692232 2 0.5

2.85388993841226 1.69907897814159 3 0.333333333333333

2.85388993841226 1.69907897814159 4 0.333333333333333

2.85388993841226 1.69907897814159 5 0.333333333333333

2.85388993841226 1.69907897814159 6 0.333333333333333

2.85388993841226 1.69907897814159 7 0.333333333333333

2.85388993841226 1.69907897814159 8 0.333333333333333

2.85388993841226 1.69907897814159 9 0.333333333333333

2.85388993841226 1.69907897814159 10 0.333333333333333

2.8616796126867 1.35119912311161 11 0.333333333333333

2.85429101469619 1.09016922917934 12 0.225

2.85429101469619 1.09016922917934 13 0.225

2.85429101469619 1.09016922917934 14 0.225

2.85429101469619 1.09016922917934 15 0.225

2.85429101469619 1.09016922917934 16 0.225

2.85429101469619 1.09016922917934 17 0.225

2.85429101469619 1.09016922917934 18 0.225

2.85429101469619 1.09016922917934 19 0.225

2.85429101469619 1.09016922917934 20 0.225

2.85429101469619 1.09016922917934 21 0.225

2.85429101469619 1.09016922917934 22 0.225

2.85429101469619 1.09016922917934 23 0.225

2.85429101469619 1.09016922917934 24 0.225

2.85429101469619 1.09016922917934 25 0.225

2.85429101469619 1.09016922917934 26 0.225

2.85429101469619 1.09016922917934 27 0.225

2.85429101469619 1.09016922917934 28 0.225

2.85429101469619 1.09016922917934 29 0.225

2.85429101469619 1.09016922917934 30 0.225

2.85429101469619 1.09016922917934 31 0.225

2.85429101469619 1.09016922917934 32 0.225

2.85429101469619 1.09016922917934 33 0.225

2.85429101469619 1.09016922917934 34 0.225

2.85429101469619 1.09016922917934 35 0.225

2.85429101469619 1.09016922917934 36 0.225

2.85429101469619 1.09016922917934 37 0.225

2.85429101469619 1.09016922917934 38 0.225

2.85429101469619 1.09016922917934 39 0.225

2.85429101469619 1.09016922917934 40 0.225

2.85429101469619 1.09016922917934 41 0.225

2.85429101469619 1.09016922917934 42 0.225

2.85429101469619 1.09016922917934 43 0.225

2.85429101469619 1.09016922917934 44 0.225

2.85429101469619 1.09016922917934 45 0.225

2.85429101469619 1.09016922917934 46 0.225

2.85429101469619 1.09016922917934 47 0.225

2.85429101469619 1.09016922917934 48 0.225

2.85429101469619 1.09016922917934 49 0.225

2.81696378302475 0.81907136202699 50 0.858333333333333

2.81696378302475 0.81907136202699 51 0.858333333333333

2.81696378302475 0.81907136202699 52 0.858333333333333

2.81696378302475 0.81907136202699 53 0.858333333333333

2.81696378302475 0.81907136202699 54 0.858333333333333

2.81696378302475 0.81907136202699 55 0.858333333333333

2.81696378302475 0.81907136202699 56 0.858333333333333

2.81696378302475 0.81907136202699 57 0.858333333333333

2.81696378302475 0.81907136202699 58 0.858333333333333

2.81696378302475 0.81907136202699 59 0.858333333333333

2.81696378302475 0.81907136202699 60 0.858333333333333

2.81696378302475 0.81907136202699 61 0.858333333333333

2.81696378302475 0.81907136202699 62 0.858333333333333

2.81696378302475 0.81907136202699 63 0.858333333333333

2.81696378302475 0.81907136202699 64 0.858333333333333

2.81696378302475 0.81907136202699 65 0.858333333333333

2.81696378302475 0.81907136202699 66 0.858333333333333

2.81696378302475 0.81907136202699 67 0.858333333333333

2.81696378302475 0.81907136202699 68 0.858333333333333

2.81696378302475 0.81907136202699 69 0.858333333333333

2.82488435216563 0.637634181613658 70 0.883333333333333

2.82488435216563 0.637634181613658 71 0.883333333333333

2.82488435216563 0.637634181613658 72 0.883333333333333

2.82488435216563 0.637634181613658 73 0.883333333333333

2.82488435216563 0.637634181613658 74 0.883333333333333

2.82488435216563 0.637634181613658 75 0.883333333333333

2.82488435216563 0.637634181613658 76 0.883333333333333

2.82500844940287 0.63577375405585 77 0.875

2.82500844940287 0.63577375405585 78 0.875

2.82500844940287 0.63577375405585 79 0.875

2.82567226226441 0.635458288175359 80 0.875

2.82567226226441 0.635458288175359 81 0.875

2.8255931976877 0.628611252601611 82 0.883333333333333

2.82491496830998 0.616059947282846 83 0.883333333333333

2.82441403890684 0.610318542624902 84 0.883333333333333

2.82404549994126 0.607410621070641 85 0.883333333333333

2.82377508361863 0.60637694967844 86 0.883333333333333

2.82377508361863 0.60637694967844 87 0.883333333333333

2.82377508361863 0.60637694967844 88 0.883333333333333

2.82377508361863 0.60637694967844 89 0.883333333333333

2.82358228764167 0.604310209488797 90 0.883333333333333

2.82331933488083 0.601717974972908 91 0.883333333333333

2.82312697386722 0.59994407804004 92 0.883333333333333

2.82298639145815 0.598704361685461 93 0.883333333333333

2.8228837217662 0.597826992673033 94 0.883333333333333

2.82280877777685 0.597200978213033 95 0.883333333333333

2.82275409187147 0.596751768260935 96 0.883333333333333

2.82271419843977 0.596428099495393 97 0.883333333333333

2.82268510159725 0.596194176474035 98 0.883333333333333

2.82266388229003 0.596024732031447 99 0.883333333333333

2.82264840932329 0.595901786756444 100 0.883333333333333

2.80677765697592 0.569285767642453 101 0.85

2.80678698250971 0.543904943597505 102 0.875

2.80546543337012 0.484935805751578 103 0.9

2.80651177814784 0.445844062160696 104 0.891666666666667

2.80651177814784 0.445844062160696 105 0.891666666666667

2.80651177814784 0.445844062160696 106 0.891666666666667

2.80651177814784 0.445844062160696 107 0.891666666666667

2.80651177814784 0.445844062160696 108 0.891666666666667

2.80651177814784 0.445844062160696 109 0.891666666666667

2.80641716317769 0.435833987526422 110 0.858333333333333

2.80641716317769 0.435833987526422 111 0.858333333333333

2.80721991802224 0.408420267626751 112 0.875

2.80721991802224 0.408420267626751 113 0.875

2.80721991802224 0.408420267626751 114 0.875

2.80721991802224 0.408420267626751 115 0.875

2.80721991802224 0.408420267626751 116 0.875

2.80721991802224 0.408420267626751 117 0.875

2.80721991802224 0.408420267626751 118 0.875

2.80721991802224 0.408420267626751 119 0.875

2.80721991802224 0.408420267626751 120 0.875

2.80721991802224 0.408420267626751 121 0.875

2.80721991802224 0.408420267626751 122 0.875

2.80721991802224 0.408420267626751 123 0.875

2.80721991802224 0.408420267626751 124 0.875

2.80721991802224 0.408420267626751 125 0.875

2.80721991802224 0.408420267626751 126 0.875

2.80721991802224 0.408420267626751 127 0.875

2.80721991802224 0.408420267626751 128 0.875

2.80721991802224 0.408420267626751 129 0.875

2.80721991802224 0.408420267626751 130 0.875

2.80721991802224 0.408420267626751 131 0.875

2.80721991802224 0.408420267626751 132 0.875

2.80721991802224 0.408420267626751 133 0.875

2.80721991802224 0.408420267626751 134 0.875

2.80710983661603 0.401593248890201 135 0.891666666666667

2.80710983661603 0.401593248890201 136 0.891666666666667

2.80710983661603 0.401593248890201 137 0.891666666666667

2.80710983661603 0.401593248890201 138 0.891666666666667

2.80710983661603 0.401593248890201 139 0.891666666666667

2.80707090280052 0.400822993636159 140 0.9

2.80707090280052 0.400822993636159 141 0.9

2.80707090280052 0.400822993636159 142 0.9

2.80707090280052 0.400822993636159 143 0.9

2.80707090280052 0.400822993636159 144 0.9

2.80704752183739 0.400054308454182 145 0.9

2.80688423845941 0.397751417454631 146 0.9

2.80688423845941 0.397751417454631 147 0.9

2.80688423845941 0.397751417454631 148 0.9

2.80688423845941 0.397751417454631 149 0.9

2.80684985173547 0.396820177260345 150 0.9

2.80675309579802 0.396116030977811 151 0.891666666666667

2.80668240095818 0.396025023105421 152 0.891666666666667

2.80872684955018 0.307344603144716 153 0.908333333333333

2.80872684955018 0.307344603144716 154 0.908333333333333

2.80872684955018 0.307344603144716 155 0.908333333333333

2.80872684955018 0.307344603144716 156 0.908333333333333

2.80872684955018 0.307344603144716 157 0.908333333333333

2.80872684955018 0.307344603144716 158 0.908333333333333

2.80922192430402 0.29383511998252 159 0.908333333333333

2.80922192430402 0.29383511998252 160 0.908333333333333

2.80922192430402 0.29383511998252 161 0.908333333333333

2.80922192430402 0.29383511998252 162 0.908333333333333

2.80922192430402 0.29383511998252 163 0.908333333333333

2.80922192430402 0.29383511998252 164 0.908333333333333

2.80896187511832 0.292822795549359 165 0.908333333333333

2.80896187511832 0.292822795549359 166 0.908333333333333

2.80896187511832 0.292822795549359 167 0.908333333333333

2.80896187511832 0.292822795549359 168 0.908333333333333

2.80896187511832 0.292822795549359 169 0.908333333333333

2.80896187511832 0.292822795549359 170 0.908333333333333

2.80887992834263 0.292009569265725 171 0.908333333333333

2.80892222465044 0.290705831266296 172 0.908333333333333

2.80892222465044 0.290705831266296 173 0.908333333333333

2.80892222465044 0.290705831266296 174 0.908333333333333

2.80892222465044 0.290705831266296 175 0.908333333333333

2.80892222465044 0.290705831266296 176 0.908333333333333

2.80892222465044 0.290705831266296 177 0.908333333333333

2.80869467457602 0.289366664854124 178 0.908333333333333

2.80829670747092 0.286169251475772 179 0.908333333333333

2.80800080254209 0.284631254551541 180 0.908333333333333

2.80767178480764 0.283841327526745 181 0.908333333333333

2.80740054670105 0.283559642587652 182 0.908333333333333

2.80744290684116 0.283246798243709 183 0.9

2.80762768537591 0.283175623271698 184 0.908333333333333

2.80778880517243 0.282975156943099 185 0.908333333333333

2.80776744240218 0.281725167646621 186 0.908333333333333

2.80799362468883 0.280437758006851 187 0.908333333333333

2.80797543166751 0.279454875570422 188 0.908333333333333

2.80803128128357 0.278499656784809 189 0.9

2.8081646025516 0.277393785755006 190 0.908333333333333

2.8081646025516 0.277393785755006 191 0.908333333333333

2.8081646025516 0.277393785755006 192 0.908333333333333

2.80816170748794 0.27736647032955 193 0.908333333333333

2.8081750786377 0.276662586873666 194 0.9

2.80818481107277 0.276451140381601 195 0.908333333333333

2.8082792084758 0.275623452947734 196 0.908333333333333

2.8082792084758 0.275623452947734 197 0.908333333333333

2.8082792084758 0.275623452947734 198 0.908333333333333

2.80832499998903 0.275278158450922 199 0.908333333333333

2.80829551564742 0.275158245266872 200 0.908333333333333

2.8083636825436 0.274570605271676 201 0.908333333333333

2.80838173185278 0.27422840097955 202 0.908333333333333

2.80840556763673 0.274224023637852 203 0.908333333333333

2.80840556763673 0.274224023637852 204 0.908333333333333

2.80841371554367 0.274078388283712 205 0.908333333333333

2.80838747698601 0.273991015784592 206 0.908333333333333

2.80838747698601 0.273991015784592 207 0.908333333333333

2.80838747698601 0.273991015784592 208 0.908333333333333

2.80838747698601 0.273991015784592 209 0.908333333333333

2.80840385072706 0.273977542439834 210 0.908333333333333

2.80840402599354 0.273930602307978 211 0.908333333333333

2.80841755311632 0.27374591263526 212 0.908333333333333

2.80842496754668 0.273604905722611 213 0.908333333333333

2.80843036332455 0.273528111338884 214 0.908333333333333

2.80843429188592 0.273485939391983 215 0.908333333333333

2.80843715317237 0.27346253233518 216 0.908333333333333

2.80843788423295 0.273254487514534 217 0.908333333333333

2.80843220075738 0.273049994321136 218 0.908333333333333

2.808429297952 0.272787543134174 219 0.908333333333333

2.80841826079947 0.272520174745827 220 0.908333333333333

2.80841021264226 0.272346536921086 221 0.908333333333333

2.80840521116456 0.272139001390849 222 0.908333333333333

2.80839671929855 0.271677177515627 223 0.908333333333333

2.80838624770664 0.271097792510912 224 0.908333333333333

2.80837459299061 0.270270218224233 225 0.908333333333333

2.80836236009491 0.26963616804902 226 0.908333333333333

2.80834241993259 0.269187525704049 227 0.908333333333333

2.80832249436988 0.268356536172658 228 0.908333333333333

2.80830286158265 0.26764537713139 229 0.916666666666667

2.80829017205621 0.266818827527796 230 0.916666666666667

2.80827342547993 0.266009173562888 231 0.916666666666667

2.80824637163683 0.265235155790839 232 0.916666666666667

2.80822848019427 0.264565657738383 233 0.916666666666667

2.80821541272888 0.264185178035012 234 0.916666666666667

2.80820587348024 0.263959574266061 235 0.916666666666667

2.80818705326889 0.263357633302771 236 0.916666666666667

2.80819295519217 0.263227441646609 237 0.916666666666667

2.80818143296689 0.263102596923487 238 0.916666666666667

2.80818143296689 0.263102596923487 239 0.916666666666667

2.80817873358765 0.263010437146096 240 0.916666666666667

2.80817873358765 0.263010437146096 241 0.916666666666667

2.80817873358765 0.263010437146096 242 0.916666666666667

2.80817203057205 0.262822829725652 243 0.916666666666667

2.80817332606222 0.262787320070873 244 0.916666666666667

2.80816872384087 0.262378209206574 245 0.916666666666667

2.80815809268131 0.262030528897345 246 0.916666666666667

2.80815809268131 0.262030528897345 247 0.916666666666667

2.80815809268131 0.262030528897345 248 0.916666666666667

2.80816430068168 0.261947013153141 249 0.916666666666667

2.80816430068168 0.261947013153141 250 0.916666666666667

2.80816077337273 0.261859469868842 251 0.916666666666667

2.80815935300135 0.261776467901636 252 0.916666666666667

2.8081583100754 0.261775264820555 253 0.916666666666667

2.8081583100754 0.261775264820555 254 0.916666666666667

2.8081629941035 0.261636384901484 255 0.916666666666667

2.80816696320656 0.261575898519991 256 0.916666666666667

2.80816985524661 0.261565759409462 257 0.916666666666667

2.80816985524661 0.261565759409462 258 0.916666666666667

2.80817058324862 0.261561784281472 259 0.916666666666667

2.80817058324862 0.261561784281472 260 0.916666666666667

2.80817058324862 0.261561784281472 261 0.916666666666667

2.80817058324862 0.261561784281472 262 0.916666666666667

2.80817058324862 0.261561784281472 263 0.916666666666667

2.80817058324862 0.261561784281472 264 0.916666666666667

2.80816971889244 0.261559729448618 265 0.916666666666667

2.80816931548594 0.261557865040142 266 0.916666666666667

2.80816902139158 0.261556680086346 267 0.916666666666667

2.80816885816762 0.261554274002146 268 0.916666666666667

2.8081687444104 0.261554153873432 269 0.916666666666667

2.8081687444104 0.261554153873432 270 0.916666666666667

2.8081687444104 0.261554153873432 271 0.916666666666667

2.8081687444104 0.261554153873432 272 0.916666666666667

2.80816859263849 0.26155263205355 273 0.916666666666667

2.80816840613892 0.261552599442045 274 0.916666666666667

2.80816840613892 0.261552599442045 275 0.916666666666667

2.80816990693176 0.26155089089772 276 0.916666666666667

2.80816990693176 0.26155089089772 277 0.916666666666667

2.80816990693176 0.26155089089772 278 0.916666666666667

2.80816990693176 0.26155089089772 279 0.916666666666667

2.80816990693176 0.26155089089772 280 0.916666666666667

2.80816949802731 0.261550056066556 281 0.916666666666667

2.80816962235001 0.261549433297602 282 0.916666666666667

2.80816971297708 0.261549055294258 283 0.916666666666667

2.80816977904201 0.261548820107081 284 0.916666666666667

2.80816982720217 0.261548670110019 285 0.916666666666667

2.8081698623103 0.261548572162459 286 0.916666666666667

2.8081698879038 0.261548506816717 287 0.916666666666667

2.80816990656128 0.26154846239894 288 0.916666666666667

2.80816992016249 0.261548431729149 289 0.916666666666667

2.80816993007772 0.261548410280011 290 0.916666666666667

2.80816992907342 0.261547963636681 291 0.916666666666667

2.80816992907342 0.261547963636681 292 0.916666666666667

2.80816992907342 0.261547963636681 293 0.916666666666667

2.80816995603162 0.261547858383856 294 0.916666666666667

2.8081700159797 0.261547681576004 295 0.916666666666667

2.80817024467028 0.261546835058248 296 0.916666666666667

2.80817052808055 0.261545669443358 297 0.916666666666667

2.80817073575643 0.261544507354296 298 0.916666666666667

2.80817089750021 0.261543695513597 299 0.916666666666667

2.80817102155936 0.261543117545345 300 0.916666666666667

2.80817131142223 0.261542234397199 301 0.916666666666667

2.80817162218845 0.261541330523198 302 0.916666666666667

2.80817205486476 0.261540753343817 303 0.916666666666667

2.80817237027009 0.261540752663154 304 0.916666666666667

2.80817237027009 0.261540752663154 305 0.916666666666667

2.80817224593525 0.261540269968904 306 0.916666666666667

2.80817179053486 0.26153971927192 307 0.916666666666667

2.8081713209926 0.261539171935738 308 0.916666666666667

2.80817097868288 0.261539056449785 309 0.916666666666667

2.80817097868288 0.261539056449785 310 0.916666666666667

2.80817087008875 0.261538878990339 311 0.916666666666667

2.80817087008875 0.261538878990339 312 0.916666666666667

2.80817093268151 0.261538848090295 313 0.916666666666667

2.80817097732143 0.261538669896755 314 0.916666666666667

2.80817072017745 0.261538565506934 315 0.916666666666667

2.8081707196956 0.261538492383872 316 0.916666666666667

2.8081706417574 0.261538331118948 317 0.916666666666667

2.80817075012808 0.261538229829546 318 0.916666666666667

2.80817098054782 0.261538082871722 319 0.916666666666667

2.80817098054782 0.261538082871722 320 0.916666666666667

2.8081709523937 0.261537587857456 321 0.916666666666667

2.8081708346447 0.261537377013856 322 0.916666666666667

2.8081707495671 0.261537038888292 323 0.916666666666667

2.80817068205811 0.261537009496505 324 0.916666666666667

2.80817063339988 0.261536841456472 325 0.916666666666667

2.80817059792692 0.261536744649349 326 0.916666666666667

2.80817071552862 0.261536373150345 327 0.916666666666667

2.80817068312788 0.261535814288183 328 0.916666666666667

2.80817057960705 0.261535028334683 329 0.916666666666667

2.80817050413807 0.261534505549326 330 0.916666666666667

2.80817043800039 0.261533532935973 331 0.916666666666667

2.80817036981108 0.261532529194042 332 0.916666666666667

2.80817032009983 0.261531825602008 333 0.916666666666667

2.80817011705174 0.261531022145175 334 0.916666666666667

2.80817024185335 0.261528337754533 335 0.916666666666667

2.8081702469202 0.261524777766519 336 0.916666666666667

2.80817039463655 0.261520827262803 337 0.916666666666667

2.80817052295012 0.261516030469952 338 0.916666666666667

2.80817065986044 0.261511953331704 339 0.916666666666667

2.80817068729843 0.261508946907783 340 0.916666666666667

2.80817059821459 0.261506745632144 341 0.916666666666667

2.80817043965625 0.261505068491419 342 0.916666666666667

2.80817030368095 0.261502257482246 343 0.916666666666667

2.80817005641049 0.26149953690228 344 0.916666666666667

2.80816972958682 0.261496519804915 345 0.916666666666667

2.80816995315015 0.261492531187419 346 0.916666666666667

2.80816954954669 0.261488346623876 347 0.916666666666667

2.80816925531945 0.261485300121315 348 0.916666666666667

2.80816945079156 0.261479446167076 349 0.916666666666667

2.80816942366349 0.261472660699653 350 0.916666666666667

2.80816923927644 0.2614658120502 351 0.916666666666667

2.80816907563401 0.261460550303464 352 0.916666666666667

2.80816914219462 0.261454899207204 353 0.916666666666667

2.8081691286456 0.261447457774306 354 0.916666666666667

2.8081692739586 0.26143896405142 355 0.916666666666667

2.80816995262565 0.261424587780192 356 0.916666666666667

2.80817043129991 0.261410576359538 357 0.916666666666667

2.80817078026099 0.261400471868873 358 0.916666666666667

2.80817150044885 0.261381555506506 359 0.916666666666667

2.80817184326203 0.261360248412093 360 0.916666666666667

2.8081721292622 0.261336020144348 361 0.916666666666667

2.80817287369505 0.261308915758135 362 0.916666666666667

2.80817320422071 0.261284761341232 363 0.916666666666667

2.80817454448344 0.261258225299736 364 0.916666666666667

2.80817586089235 0.261227057487473 365 0.916666666666667

2.8081775017591 0.261195192411969 366 0.916666666666667

2.80817890083473 0.261167178048183 367 0.916666666666667

2.80818057198048 0.261136771900681 368 0.916666666666667

2.80818211641352 0.261113527284746 369 0.916666666666667

2.80818499976838 0.261069585028529 370 0.916666666666667

2.80818763963128 0.26103650344975 371 0.916666666666667

2.80818940394281 0.261013337640045 372 0.916666666666667

2.80819249032779 0.260967400011566 373 0.916666666666667

2.80819774658629 0.260907361982511 374 0.916666666666667

2.80820228807341 0.260867721251676 375 0.916666666666667

2.80820530741194 0.260847409582585 376 0.916666666666667

2.80820802566673 0.260834035831071 377 0.916666666666667

2.80821000723652 0.260825579178843 378 0.916666666666667

2.80821145178075 0.260820103285188 379 0.916666666666667

2.80820945951849 0.260792821370695 380 0.916666666666667

2.8082102958048 0.260729573418159 381 0.916666666666667

2.80820868409319 0.260694762091978 382 0.916666666666667

2.80820620187002 0.260682802947413 383 0.916666666666667

2.80820620187002 0.260682802947413 384 0.916666666666667

2.80820995310844 0.260651992937282 385 0.916666666666667

2.80821024841923 0.260624258411789 386 0.916666666666667

2.80821093037984 0.260604954027297 387 0.916666666666667

2.80821142755236 0.260591211981428 388 0.916666666666667

2.80821218189265 0.260566878746443 389 0.916666666666667

2.80821273184071 0.260549812381948 390 0.916666666666667

2.80821313277092 0.260537728068771 391 0.916666666666667

2.80821342505865 0.260529108225664 392 0.916666666666667

2.8082136381415 0.26052292507923 393 0.916666666666667

2.80821379348162 0.260518471071256 394 0.916666666666667

2.808213906726 0.260515252526684 395 0.916666666666667

2.80821398928192 0.260512921312033 396 0.916666666666667

2.8082140494656 0.260511229882436 397 0.916666666666667

2.80821409333972 0.260510001095086 398 0.916666666666667

2.80821412532406 0.260509107575434 399 0.916666666666667

2.80821414864071 0.260508457403958 400 0.916666666666667

2.80821416563858 0.260507984068967 401 0.916666666666667

2.80875525889848 0.259864066852575 402 0.916666666666667

2.80875525889848 0.259864066852575 403 0.916666666666667

2.80875525889848 0.259864066852575 404 0.916666666666667

2.80917677859286 0.25943329607002 405 0.916666666666667

2.80917677859286 0.25943329607002 406 0.916666666666667

2.80917677859286 0.25943329607002 407 0.916666666666667

2.80917677859286 0.25943329607002 408 0.916666666666667

2.80917677859286 0.25943329607002 409 0.916666666666667

2.80917677859286 0.25943329607002 410 0.916666666666667

2.80917677859286 0.25943329607002 411 0.916666666666667

2.80917677859286 0.25943329607002 412 0.916666666666667

2.80917677859286 0.25943329607002 413 0.916666666666667

2.80917677859286 0.25943329607002 414 0.916666666666667

2.80917677859286 0.25943329607002 415 0.916666666666667

2.80917677859286 0.25943329607002 416 0.916666666666667

2.80917677859286 0.25943329607002 417 0.916666666666667

2.80917677859286 0.25943329607002 418 0.916666666666667

2.80917677859286 0.25943329607002 419 0.916666666666667

2.80917677859286 0.25943329607002 420 0.916666666666667

2.80917677859286 0.25943329607002 421 0.916666666666667

2.80917677859286 0.25943329607002 422 0.916666666666667

2.80917677859286 0.25943329607002 423 0.916666666666667

2.80917674197428 0.259414854823321 424 0.916666666666667

2.80917674197428 0.259414854823321 425 0.916666666666667

2.80917674197428 0.259414854823321 426 0.916666666666667

2.8091409271799 0.259261260669195 427 0.916666666666667

2.80914512989006 0.259134416797648 428 0.916666666666667

2.80908153473414 0.259020854635944 429 0.916666666666667

2.80906586868345 0.258968426306103 430 0.916666666666667

2.8090544359206 0.258960103537516 431 0.916666666666667

2.8090544359206 0.258960103537516 432 0.916666666666667

2.80906372136694 0.25895964615516 433 0.916666666666667

2.80906372136694 0.25895964615516 434 0.916666666666667

2.80913752908858 0.258787479183961 435 0.916666666666667

2.80917811915438 0.258624074805739 436 0.916666666666667

2.8092150210615 0.258458989723929 437 0.916666666666667

2.80925113665118 0.258290747317179 438 0.916666666666667

2.80930245148941 0.258077818356214 439 0.916666666666667

2.80934649176446 0.257860651719474 440 0.916666666666667

2.80937856287927 0.257728228031326 441 0.916666666666667

2.80944988837062 0.257677506620208 442 0.925

2.80944988837062 0.257677506620208 443 0.925

2.80936222891484 0.257587743396361 444 0.925