0 2.95707918524349 26.7605633802817 4.54271081128781
1 2.95707918524349 26.7605633802817 4.54271081128781
2 2.95694167683934 33.8028169014084 3.84676632359684
3 2.96008168061679 26.7605633802817 1.46478801287583
4 2.96008168061679 26.7605633802817 1.46478801287583
5 2.95579801642503 40.1408450704225 1.19716736202466
6 2.95579801642503 40.1408450704225 1.19716736202466
7 2.95579801642503 40.1408450704225 1.19716736202466
8 2.95579801642503 40.1408450704225 1.19716736202466
9 2.95579801642503 40.1408450704225 1.19716736202466
10 2.95579801642503 40.1408450704225 1.19716736202466
11 2.95579801642503 40.1408450704225 1.19716736202466
12 2.95579801642503 40.1408450704225 1.19716736202466
13 2.95579801642503 40.1408450704225 1.19716736202466
14 2.95579801642503 40.1408450704225 1.19716736202466
15 2.95579801642503 40.1408450704225 1.19716736202466
16 2.95579801642503 40.1408450704225 1.19716736202466
17 2.95579801642503 40.1408450704225 1.19716736202466
18 2.95579801642503 40.1408450704225 1.19716736202466
19 2.95579801642503 40.1408450704225 1.19716736202466
20 2.95579801642503 40.1408450704225 1.19716736202466
21 2.95579801642503 40.1408450704225 1.19716736202466
22 2.95579801642503 40.1408450704225 1.19716736202466
23 2.95579801642503 40.1408450704225 1.19716736202466
24 2.95579801642503 40.1408450704225 1.19716736202466
25 2.95579801642503 40.1408450704225 1.19716736202466
26 2.95579801642503 40.1408450704225 1.19716736202466
27 2.95579801642503 40.1408450704225 1.19716736202466
28 2.96083262475431 26.7605633802817 1.19438588499409
29 2.96083262475431 26.7605633802817 1.19438588499409
30 2.96083262475431 26.7605633802817 1.19438588499409
31 2.96083262475431 26.7605633802817 1.19438588499409
32 2.96083262475431 26.7605633802817 1.19438588499409
33 2.96083262475431 26.7605633802817 1.19438588499409
34 2.96083262475431 26.7605633802817 1.19438588499409
35 2.96083262475431 26.7605633802817 1.19438588499409
36 2.95959958484781 49.2957746478873 1.01409306198634
37 2.95959958484781 49.2957746478873 1.01409306198634
38 2.95959958484781 49.2957746478873 1.01409306198634
39 2.95959958484781 49.2957746478873 1.01409306198634
40 2.95959958484781 49.2957746478873 1.01409306198634
41 2.95959958484781 49.2957746478873 1.01409306198634
42 2.95959958484781 49.2957746478873 1.01409306198634
43 2.95959958484781 49.2957746478873 1.01409306198634
44 2.95959958484781 49.2957746478873 1.01409306198634
45 2.95959958484781 49.2957746478873 1.01409306198634
46 2.95959958484781 49.2957746478873 1.01409306198634
47 2.95959958484781 49.2957746478873 1.01409306198634
48 2.95959958484781 49.2957746478873 1.01409306198634
49 2.95959958484781 49.2957746478873 1.01409306198634
50 2.95959958484781 49.2957746478873 1.01409306198634
51 2.95959958484781 49.2957746478873 1.01409306198634
52 2.95959958484781 49.2957746478873 1.01409306198634
53 2.95959958484781 49.2957746478873 1.01409306198634
54 2.95959958484781 49.2957746478873 1.01409306198634
55 2.95959958484781 49.2957746478873 1.01409306198634
56 2.95959958484781 49.2957746478873 1.01409306198634
57 2.95959958484781 49.2957746478873 1.01409306198634
58 2.95959958484781 49.2957746478873 1.01409306198634
59 2.95959958484781 49.2957746478873 1.01409306198634
60 2.95771663457973 47.887323943662 0.897862902505673
61 2.95771663457973 47.887323943662 0.897862902505673
62 2.95771663457973 47.887323943662 0.897862902505673
63 2.95771663457973 47.887323943662 0.897862902505673
64 2.95771663457973 47.887323943662 0.897862902505673
65 2.95771663457973 47.887323943662 0.897862902505673
66 2.95771663457973 47.887323943662 0.897862902505673
67 2.95771663457973 47.887323943662 0.897862902505673
68 2.95771663457973 47.887323943662 0.897862902505673
69 2.95771663457973 47.887323943662 0.897862902505673
70 2.95771663457973 47.887323943662 0.897862902505673
71 2.95771663457973 47.887323943662 0.897862902505673
72 2.95771663457973 47.887323943662 0.897862902505673
73 2.95771663457973 47.887323943662 0.897862902505673
74 2.95771663457973 47.887323943662 0.897862902505673
75 2.95771663457973 47.887323943662 0.897862902505673
76 2.95771663457973 47.887323943662 0.897862902505673
77 2.95771663457973 47.887323943662 0.897862902505673
78 2.95771663457973 47.887323943662 0.897862902505673
79 2.95771663457973 47.887323943662 0.897862902505673
80 2.95771663457973 47.887323943662 0.897862902505673
81 2.95771663457973 47.887323943662 0.897862902505673
82 2.95771663457973 47.887323943662 0.897862902505673
83 2.95771663457973 47.887323943662 0.897862902505673
84 2.95771663457973 47.887323943662 0.897862902505673
85 2.95771663457973 47.887323943662 0.897862902505673
86 2.95771663457973 47.887323943662 0.897862902505673
87 2.95771663457973 47.887323943662 0.897862902505673
88 2.95771663457973 47.887323943662 0.897862902505673
89 2.95771663457973 47.887323943662 0.897862902505673
90 2.95771663457973 47.887323943662 0.897862902505673
91 2.95771663457973 47.887323943662 0.897862902505673
92 2.95771663457973 47.887323943662 0.897862902505673
93 2.95771663457973 47.887323943662 0.897862902505673
94 2.95771663457973 47.887323943662 0.897862902505673
95 2.95771663457973 47.887323943662 0.897862902505673
96 2.95771663457973 47.887323943662 0.897862902505673
97 2.95771663457973 47.887323943662 0.897862902505673
98 2.95771663457973 47.887323943662 0.897862902505673
99 2.95771663457973 47.887323943662 0.897862902505673
100 2.95771663457973 47.887323943662 0.897862902505673
101 2.95771663457973 47.887323943662 0.897862902505673
102 2.95771663457973 47.887323943662 0.897862902505673
103 2.95771663457973 47.887323943662 0.897862902505673
104 2.95771663457973 47.887323943662 0.897862902505673
105 2.95771663457973 47.887323943662 0.897862902505673
106 2.95771663457973 47.887323943662 0.897862902505673
107 2.95771663457973 47.887323943662 0.897862902505673
108 2.95771663457973 47.887323943662 0.897862902505673
109 2.95771663457973 47.887323943662 0.897862902505673
110 2.95771663457973 47.887323943662 0.897862902505673
111 2.95761704806281 46.4788732394366 0.811811766896755
112 2.95761704806281 46.4788732394366 0.811811766896755
113 2.95757641349162 53.5211267605634 0.797758070529475
114 2.95757641349162 53.5211267605634 0.797758070529475
115 2.95757641349162 53.5211267605634 0.797758070529475
116 2.95757641349162 53.5211267605634 0.797758070529475
117 2.95757641349162 53.5211267605634 0.797758070529475
118 2.95757641349162 53.5211267605634 0.797758070529475
119 2.95757641349162 53.5211267605634 0.797758070529475
120 2.95757641349162 53.5211267605634 0.797758070529475
121 2.95755923189404 59.8591549295775 0.79693505931015
122 2.95755923189404 59.8591549295775 0.79693505931015
123 2.95755923189404 59.8591549295775 0.79693505931015
124 2.95754648748608 65.4929577464789 0.792431663651131
125 2.95754648748608 65.4929577464789 0.792431663651131
126 2.95754648748608 65.4929577464789 0.792431663651131
127 2.95754648748608 65.4929577464789 0.792431663651131
128 2.95754648748608 65.4929577464789 0.792431663651131
129 2.95754648748608 65.4929577464789 0.792431663651131
130 2.95754648748608 65.4929577464789 0.792431663651131
131 2.95754648748608 65.4929577464789 0.792431663651131
132 2.95754648748608 65.4929577464789 0.792431663651131
133 2.9575395537642 65.4929577464789 0.791618012537712
134 2.9575395537642 65.4929577464789 0.791618012537712
135 2.9575395537642 65.4929577464789 0.791618012537712
136 2.9575395537642 65.4929577464789 0.791618012537712
137 2.9575395537642 65.4929577464789 0.791618012537712
138 2.9575395537642 65.4929577464789 0.791618012537712
139 2.95753583371317 65.4929577464789 0.791443535327056
140 2.95753336107286 59.8591549295775 0.790870574341514
141 2.95753155225155 59.8591549295775 0.790623494873063
142 2.95753023029128 59.8591549295775 0.790534031259554
143 2.95752926481308 59.8591549295775 0.790516974753454
144 2.95752926481308 59.8591549295775 0.790516974753454
145 2.95752926481308 59.8591549295775 0.790516974753454
146 2.95752926481308 59.8591549295775 0.790516974753454
147 2.95752926481308 59.8591549295775 0.790516974753454
148 2.95752926481308 59.8591549295775 0.790516974753454
149 2.95752959441244 59.8591549295775 0.790458974723565
150 2.95753008559097 59.8591549295775 0.790402482412296
151 2.95753044337369 59.8591549295775 0.79036160007532
152 2.95753070404505 59.8591549295775 0.790331956555907
153 2.95753089399356 59.8591549295775 0.790310431294089
154 2.957531032423 59.8591549295775 0.790294784474636
155 2.95753113331521 59.8591549295775 0.790283401907897
156 2.95753120685349 59.8591549295775 0.79027511675198
157 2.95753126045643 59.8591549295775 0.790269083641126
158 2.95753129952955 59.8591549295775 0.790264689099919
159 2.95753132801203 59.8591549295775 0.790261487390731
160 2.95753134877478 59.8591549295775 0.79025915436049
161 2.95753136391032 59.8591549295775 0.790257454121259
162 2.95753137494385 59.8591549295775 0.790256214933733
163 2.95753138298715 59.8591549295775 0.790255311718484
164 2.95753138885063 59.8591549295775 0.790254653355588
165 2.95753139312508 59.8591549295775 0.790254173452094
166 2.95753139624112 59.8591549295775 0.790253823625332
167 2.95753139851271 59.8591549295775 0.79025356861378
168 2.95753140016869 59.8591549295775 0.790253382716825
169 2.95753140137589 59.8591549295775 0.790253247201378
170 2.95753140225594 59.8591549295775 0.790253148412442
171 2.9575314028975 59.8591549295775 0.790253076396277
172 2.9575314033652 59.8591549295775 0.790253023897007
173 2.95753140370614 59.8591549295775 0.790252985625317
174 2.95753140395469 59.8591549295775 0.7902529577254
175 2.95753140413589 59.8591549295775 0.790252937386437
176 2.95753140426798 59.8591549295775 0.790252922559373
177 2.95753140436427 59.8591549295775 0.790252911750465
178 2.95753140443447 59.8591549295775 0.790252903870785
179 2.95753140448565 59.8591549295775 0.790252898126502
180 2.95753140452295 59.8591549295775 0.790252893938925
181 2.95753140455015 59.8591549295775 0.790252890886181
182 2.95753140456997 59.8591549295775 0.790252888660733
183 2.95753140458443 59.8591549295775 0.790252887038382
184 2.95753140459496 59.8591549295775 0.790252885855688
185 2.95753140460264 59.8591549295775 0.790252884993503
186 2.95753140460825 59.8591549295775 0.790252884364971
187 2.95753140461233 59.8591549295775 0.790252883906771
188 2.9575314046153 59.8591549295775 0.790252883572745
189 2.95753140461747 59.8591549295775 0.790252883329238
190 2.95753140461905 59.8591549295775 0.790252883151721
191 2.95753140462021 59.8591549295775 0.790252883022314
192 2.95753140462105 59.8591549295775 0.790252882927973
193 2.95753140462166 59.8591549295775 0.790252882859202
194 2.95753140462211 59.8591549295775 0.790252882809066
195 2.95753140462243 59.8591549295775 0.790252882772517
196 2.95753140462267 59.8591549295775 0.790252882745873
197 2.95753140462284 59.8591549295775 0.790252882726448
198 2.95753140462297 59.8591549295775 0.790252882712288
199 2.95753140462306 59.8591549295775 0.790252882701966
200 2.95753140462313 59.8591549295775 0.790252882694442
201 2.95753140462318 59.8591549295775 0.790252882688954
202 2.95753140462321 59.8591549295775 0.790252882684957
203 2.95753140462324 59.8591549295775 0.790252882682041
204 2.95753140462326 59.8591549295775 0.790252882679915
205 2.95753140462327 59.8591549295775 0.790252882678366
206 2.95753140462328 59.8591549295775 0.790252882677236
207 2.95753140462329 59.8591549295775 0.790252882676412
208 2.95753140462329 59.8591549295775 0.790252882675814
209 2.9575314046233 59.8591549295775 0.790252882675374
210 2.9575314046233 59.8591549295775 0.790252882675056
211 2.9575314046233 59.8591549295775 0.790252882674823
212 2.9575314046233 59.8591549295775 0.790252882674652
213 2.9575314046233 59.8591549295775 0.790252882674532
214 2.95753140462331 59.8591549295775 0.790252882674441
215 2.95753140462331 59.8591549295775 0.790252882674377
216 2.95753140462331 59.8591549295775 0.790252882674326
217 2.95753140462331 59.8591549295775 0.790252882674292
218 2.95753140462331 59.8591549295775 0.790252882674267
219 2.95753140462331 59.8591549295775 0.790252882674247
220 2.95753140462331 59.8591549295775 0.790252882674235
221 2.95753140462331 59.8591549295775 0.790252882674224
222 2.95753140462331 59.8591549295775 0.790252882674224
223 2.95753140462331 59.8591549295775 0.790252882674224
224 2.95753140462331 59.8591549295775 0.790252882674224
225 2.95753140462331 59.8591549295775 0.790252882674224
226 2.95753140462331 59.8591549295775 0.790252882674224
227 2.95753140462331 59.8591549295775 0.790252882674224
228 2.95753140462331 59.8591549295775 0.790252882674224
229 2.95753140462331 59.8591549295775 0.790252882674224
230 2.95753140462331 59.8591549295775 0.790252882674224
231 2.95753140462331 59.8591549295775 0.790252882674224
232 2.95753140462331 59.8591549295775 0.790252882674224
233 2.95744921364195 53.5211267605634 0.789061514725359
234 2.95744921364195 53.5211267605634 0.789061514725359
235 2.95744921364195 53.5211267605634 0.789061514725359
236 2.95744921364195 53.5211267605634 0.789061514725359
237 2.95744921364195 53.5211267605634 0.789061514725359
238 2.95744921364195 53.5211267605634 0.789061514725359
239 2.95744921364195 53.5211267605634 0.789061514725359
240 2.95744921364195 53.5211267605634 0.789061514725359
241 2.95744921364195 53.5211267605634 0.789061514725359
242 2.95744921364195 53.5211267605634 0.789061514725359
243 2.95742571147496 64.0845070422535 0.774615966347025
244 2.95742571147496 64.0845070422535 0.774615966347025
245 2.95742571147496 64.0845070422535 0.774615966347025
246 2.95742571147496 64.0845070422535 0.774615966347025
247 2.95742571147496 64.0845070422535 0.774615966347025
248 2.95742571147496 64.0845070422535 0.774615966347025
249 2.95742571147496 64.0845070422535 0.774615966347025
250 2.95742571147496 64.0845070422535 0.774615966347025
251 2.95742571147496 64.0845070422535 0.774615966347025
252 2.95742571147496 64.0845070422535 0.774615966347025
253 2.95742571147496 64.0845070422535 0.774615966347025
254 2.95742571147496 64.0845070422535 0.774615966347025
255 2.95742571147496 64.0845070422535 0.774615966347025
256 2.95742571147496 64.0845070422535 0.774615966347025
257 2.95742571147496 64.0845070422535 0.774615966347025
258 2.95742571147496 64.0845070422535 0.774615966347025
259 2.95742571147496 64.0845070422535 0.774615966347025
260 2.95742571147496 64.0845070422535 0.774615966347025
261 2.95742571147496 64.0845070422535 0.774615966347025
262 2.95747275983565 64.0845070422535 0.770555676202668
263 2.95747275983565 64.0845070422535 0.770555676202668
264 2.95747437352094 64.7887323943662 0.767759634410881
265 2.95747437352094 64.7887323943662 0.767759634410881
266 2.957474484602 64.7887323943662 0.767579484329061
267 2.957474484602 64.7887323943662 0.767579484329061
268 2.957474484602 64.7887323943662 0.767579484329061
269 2.957474484602 64.7887323943662 0.767579484329061
270 2.957474484602 64.7887323943662 0.767579484329061
271 2.957474484602 64.7887323943662 0.767579484329061
272 2.957474484602 64.7887323943662 0.767579484329061
273 2.95746716097802 64.7887323943662 0.764140999768799
274 2.95746716097802 64.7887323943662 0.764140999768799
275 2.95746716097802 64.7887323943662 0.764140999768799
276 2.95746716097802 64.7887323943662 0.764140999768799
277 2.95746716097802 64.7887323943662 0.764140999768799
278 2.95746716097802 64.7887323943662 0.764140999768799
279 2.95746716097802 64.7887323943662 0.764140999768799
280 2.95746716097802 64.7887323943662 0.764140999768799
281 2.95746716097802 64.7887323943662 0.764140999768799
282 2.95746488173624 64.7887323943662 0.763509112945518
283 2.95746020515721 64.7887323943662 0.763293871838933
284 2.95746020515721 64.7887323943662 0.763293871838933
285 2.95746020515721 64.7887323943662 0.763293871838933
286 2.95746020515721 64.7887323943662 0.763293871838933
287 2.95746180686702 64.7887323943662 0.763225609600616
288 2.95746180686702 64.7887323943662 0.763225609600616
289 2.95746180686702 64.7887323943662 0.763225609600616
290 2.95746180686702 64.7887323943662 0.763225609600616
291 2.95746180686702 64.7887323943662 0.763225609600616
292 2.9574618732147 64.7887323943662 0.763221008720295
293 2.9574618732147 64.7887323943662 0.763221008720295
294 2.9574618732147 64.7887323943662 0.763221008720295
295 2.9574618732147 64.7887323943662 0.763221008720295
296 2.9574618732147 64.7887323943662 0.763221008720295
297 2.9574618732147 64.7887323943662 0.763221008720295
298 2.9574618732147 64.7887323943662 0.763221008720295
299 2.9574618732147 64.7887323943662 0.763221008720295
300 2.9574618732147 64.7887323943662 0.763221008720295
301 2.95746199281373 64.7887323943662 0.763218997598246
302 2.95746199281373 64.7887323943662 0.763218997598246
303 2.95746199281373 64.7887323943662 0.763218997598246
304 2.95746199281373 64.7887323943662 0.763218997598246
305 2.95746199281373 64.7887323943662 0.763218997598246
306 2.95746199281373 64.7887323943662 0.763218997598246
307 2.95746199281373 64.7887323943662 0.763218997598246
308 2.95746199281373 64.7887323943662 0.763218997598246
309 2.95746201696585 64.7887323943662 0.76321433475225
310 2.95746170084167 64.7887323943662 0.76321089419033
311 2.95746147007313 64.7887323943662 0.763208493358537
312 2.95746130167585 64.7887323943662 0.763206800605108
313 2.95746117882544 64.7887323943662 0.763205597287894
314 2.95746108922029 64.7887323943662 0.763204736452117
315 2.95746102387303 64.7887323943662 0.763204117635889
316 2.95746097622155 64.7887323943662 0.763203671170517
317 2.95746094147652 64.7887323943662 0.763203348173481
318 2.95746091614363 64.7887323943662 0.763203114026233
319 2.95746089767395 64.7887323943662 0.763202944033744
320 2.95746088420849 64.7887323943662 0.763202820481922
321 2.9574608743916 64.7887323943662 0.763202730610815
322 2.95746086723479 64.7887323943662 0.763202665200128
323 2.95746086201731 64.7887323943662 0.763202617571744
324 2.95746085821369 64.7887323943662 0.763202582880418
325 2.95746085821369 64.7887323943662 0.763202582880418
326 2.95746085821369 64.7887323943662 0.763202582880418
327 2.95746085821369 64.7887323943662 0.763202582880418
328 2.95746085821369 64.7887323943662 0.763202582880418
329 2.95746085821369 64.7887323943662 0.763202582880418
330 2.95746085821369 64.7887323943662 0.763202582880418
331 2.95746085821369 64.7887323943662 0.763202582880418
332 2.95746085821369 64.7887323943662 0.763202582880418
333 2.95746085821369 64.7887323943662 0.763202582880418
334 2.95746085821369 64.7887323943662 0.763202582880418
335 2.95746085821369 64.7887323943662 0.763202582880418
336 2.95746085821369 64.7887323943662 0.763202582880418
337 2.95746085821369 64.7887323943662 0.763202582880418
338 2.95746085821369 64.7887323943662 0.763202582880418
339 2.95746085821369 64.7887323943662 0.763202582880418
340 2.95746085821369 64.7887323943662 0.763202582880418
341 2.95746085821369 64.7887323943662 0.763202582880418
342 2.95746085821369 64.7887323943662 0.763202582880418
343 2.95746085821369 64.7887323943662 0.763202582880418
344 2.95746085821369 64.7887323943662 0.763202582880418
345 2.95746085821369 64.7887323943662 0.763202582880418
346 2.95746085821369 64.7887323943662 0.763202582880418
347 2.95746085821369 64.7887323943662 0.763202582880418
348 2.95746085821369 64.7887323943662 0.763202582880418
349 2.95746085821369 64.7887323943662 0.763202582880418
350 2.95746085821369 64.7887323943662 0.763202582880418
351 2.95746085821369 64.7887323943662 0.763202582880418
352 2.95746085821369 64.7887323943662 0.763202582880418
353 2.95746085821369 64.7887323943662 0.763202582880418
354 2.95746085821369 64.7887323943662 0.763202582880418
355 2.95746085821369 64.7887323943662 0.763202582880418
356 2.95746085821369 64.7887323943662 0.763202582880418
357 2.95746085821369 64.7887323943662 0.763202582880418
358 2.95746085821369 64.7887323943662 0.763202582880418
359 2.95746085821369 64.7887323943662 0.763202582880418
360 2.95746085821369 64.7887323943662 0.763202582880418
361 2.95746085821369 64.7887323943662 0.763202582880418
362 2.95746085821369 64.7887323943662 0.763202582880418
363 2.95746085821369 64.7887323943662 0.763202582880418
364 2.95746085821369 64.7887323943662 0.763202582880418
365 2.95746085821369 64.7887323943662 0.763202582880418
366 2.95746085821369 64.7887323943662 0.763202582880418
367 2.95746085821369 64.7887323943662 0.763202582880418
368 2.95746085821369 64.7887323943662 0.763202582880418
369 2.95746085821369 64.7887323943662 0.763202582880418
370 2.95746085821369 64.7887323943662 0.763202582880418
371 2.95746085821369 64.7887323943662 0.763202582880418
372 2.95746085821369 64.7887323943662 0.763202582880418
373 2.95746085821369 64.7887323943662 0.763202582880418
374 2.95746085821369 64.7887323943662 0.763202582880418
375 2.95746085821369 64.7887323943662 0.763202582880418
376 2.95746085821369 64.7887323943662 0.763202582880418
377 2.95746085821369 64.7887323943662 0.763202582880418
378 2.95746085821369 64.7887323943662 0.763202582880418
379 2.95746085821369 64.7887323943662 0.763202582880418
380 2.95746085821369 64.7887323943662 0.763202582880418
381 2.95746085821369 64.7887323943662 0.763202582880418
382 2.95746085821369 64.7887323943662 0.763202582880418
383 2.95746085821369 64.7887323943662 0.763202582880418
384 2.95746085821369 64.7887323943662 0.763202582880418
385 2.95746085821369 64.7887323943662 0.763202582880418
386 2.95746085821369 64.7887323943662 0.763202582880418
387 2.95746085821369 64.7887323943662 0.763202582880418
388 2.95746085821369 64.7887323943662 0.763202582880418
389 2.95746085821369 64.7887323943662 0.763202582880418
390 2.95746085821369 64.7887323943662 0.763202582880418
391 2.95746085821369 64.7887323943662 0.763202582880418
392 2.95746085821369 64.7887323943662 0.763202582880418
393 2.95746085821369 64.7887323943662 0.763202582880418
394 2.95746085821369 64.7887323943662 0.763202582880418
395 2.95746085821369 64.7887323943662 0.763202582880418
396 2.95746085821369 64.7887323943662 0.763202582880418
397 2.95746085821369 64.7887323943662 0.763202582880418
398 2.95746085821369 64.7887323943662 0.763202582880418
399 2.95746085821369 64.7887323943662 0.763202582880418
400 2.95746085821369 64.7887323943662 0.763202582880418
401 2.95746085821369 64.7887323943662 0.763202582880418
402 2.95746085821369 64.7887323943662 0.763202582880418
403 2.95746085821369 64.7887323943662 0.763202582880418
404 2.95746085821369 64.7887323943662 0.763202582880418
405 2.95746085821369 64.7887323943662 0.763202582880418
406 2.95746085821369 64.7887323943662 0.763202582880418
407 2.95746085821369 64.7887323943662 0.763202582880418
408 2.95746085821369 64.7887323943662 0.763202582880418
409 2.95746085821369 64.7887323943662 0.763202582880418
410 2.95746085821369 64.7887323943662 0.763202582880418
411 2.95746085821369 64.7887323943662 0.763202582880418
412 2.95746085821369 64.7887323943662 0.763202582880418
413 2.95746085821369 64.7887323943662 0.763202582880418
414 2.95746085821369 64.7887323943662 0.763202582880418
415 2.95746085821369 64.7887323943662 0.763202582880418
416 2.95746085821369 64.7887323943662 0.763202582880418
417 2.95746085821369 64.7887323943662 0.763202582880418
418 2.95746085821369 64.7887323943662 0.763202582880418
419 2.95746085821369 64.7887323943662 0.763202582880418
420 2.95746085821369 64.7887323943662 0.763202582880418
421 2.95746085821369 64.7887323943662 0.763202582880418
422 2.95746085821369 64.7887323943662 0.763202582880418
423 2.95746085821369 64.7887323943662 0.763202582880418
424 2.95746085821369 64.7887323943662 0.763202582880418
425 2.95746085821369 64.7887323943662 0.763202582880418
426 2.95746085821369 64.7887323943662 0.763202582880418
427 2.95746085821369 64.7887323943662 0.763202582880418
428 2.95746085821369 64.7887323943662 0.763202582880418
429 2.95746085821369 64.7887323943662 0.763202582880418
430 2.95746085821369 64.7887323943662 0.763202582880418
431 2.95746085821369 64.7887323943662 0.763202582880418
432 2.95746085821369 64.7887323943662 0.763202582880418
433 2.95746085821369 64.7887323943662 0.763202582880418
434 2.95746085821369 64.7887323943662 0.763202582880418
435 2.95746085821369 64.7887323943662 0.763202582880418
436 2.95746085821369 64.7887323943662 0.763202582880418
437 2.95746085821369 64.7887323943662 0.763202582880418
438 2.95746085821369 64.7887323943662 0.763202582880418
439 2.95746085821369 64.7887323943662 0.763202582880418
440 2.95746085821369 64.7887323943662 0.763202582880418
441 2.95746085821369 64.7887323943662 0.763202582880418
442 2.95746085821369 64.7887323943662 0.763202582880418
443 2.95746085821369 64.7887323943662 0.763202582880418
444 2.95746085821369 64.7887323943662 0.763202582880418
445 2.95746085821369 64.7887323943662 0.763202582880418
446 2.95746085821369 64.7887323943662 0.763202582880418
447 2.95746085821369 64.7887323943662 0.763202582880418
448 2.95746085821369 64.7887323943662 0.763202582880418
449 2.95746085821369 64.7887323943662 0.763202582880418
450 2.95746085821369 64.7887323943662 0.763202582880418
451 2.95746085821369 64.7887323943662 0.763202582880418
452 2.95746085821369 64.7887323943662 0.763202582880418
453 2.95746085821369 64.7887323943662 0.763202582880418
454 2.95746085821369 64.7887323943662 0.763202582880418
455 2.95746085821369 64.7887323943662 0.763202582880418
456 2.95746085821369 64.7887323943662 0.763202582880418
457 2.95746085821369 64.7887323943662 0.763202582880418
458 2.95746085821369 64.7887323943662 0.763202582880418
459 2.95746085821369 64.7887323943662 0.763202582880418
460 2.95746085821369 64.7887323943662 0.763202582880418
461 2.95746085821369 64.7887323943662 0.763202582880418
462 2.95746085821369 64.7887323943662 0.763202582880418
463 2.95746085821369 64.7887323943662 0.763202582880418
464 2.95746085821369 64.7887323943662 0.763202582880418
465 2.95746085821369 64.7887323943662 0.763202582880418
466 2.95746085821369 64.7887323943662 0.763202582880418
467 2.95746085821369 64.7887323943662 0.763202582880418
468 2.95746085821369 64.7887323943662 0.763202582880418
469 2.95746085821369 64.7887323943662 0.763202582880418
470 2.95746085821369 64.7887323943662 0.763202582880418
471 2.95746085821369 64.7887323943662 0.763202582880418
472 2.95746085821369 64.7887323943662 0.763202582880418
473 2.95746085821369 64.7887323943662 0.763202582880418
474 2.95746085821369 64.7887323943662 0.763202582880418
475 2.95746085821369 64.7887323943662 0.763202582880418
476 2.95746085821369 64.7887323943662 0.763202582880418
477 2.95746085821369 64.7887323943662 0.763202582880418
478 2.95746085821369 64.7887323943662 0.763202582880418
479 2.95746085821369 64.7887323943662 0.763202582880418
480 2.95746085821369 64.7887323943662 0.763202582880418
481 2.95746085821369 64.7887323943662 0.763202582880418
482 2.95746085821369 64.7887323943662 0.763202582880418
483 2.95746085821369 64.7887323943662 0.763202582880418
484 2.95746085821369 64.7887323943662 0.763202582880418
485 2.95746085821369 64.7887323943662 0.763202582880418
486 2.95746085821369 64.7887323943662 0.763202582880418
487 2.95746085821369 64.7887323943662 0.763202582880418
488 2.95746085821369 64.7887323943662 0.763202582880418
489 2.95746085821369 64.7887323943662 0.763202582880418
490 2.95746085821369 64.7887323943662 0.763202582880418
491 2.95746085821369 64.7887323943662 0.763202582880418
492 2.95746085821369 64.7887323943662 0.763202582880418
493 2.95746085821369 64.7887323943662 0.763202582880418
494 2.95746085821369 64.7887323943662 0.763202582880418
495 2.95746085821369 64.7887323943662 0.763202582880418
496 2.95746085821369 64.7887323943662 0.763202582880418
497 2.95746085821369 64.7887323943662 0.763202582880418
498 2.95746085821369 64.7887323943662 0.763202582880418
499 2.95746085821369 64.7887323943662 0.763202582880418
500 2.95746085821369 64.7887323943662 0.763202582880418
501 2.95746085821369 64.7887323943662 0.763202582880418
502 2.95746085821369 64.7887323943662 0.763202582880418
503 2.95746085821369 64.7887323943662 0.763202582880418
504 2.95746085821369 64.7887323943662 0.763202582880418
505 2.95746085821369 64.7887323943662 0.763202582880418
506 2.95746085821369 64.7887323943662 0.763202582880418
507 2.95746085821369 64.7887323943662 0.763202582880418
508 2.95746085821369 64.7887323943662 0.763202582880418
509 2.95746085821369 64.7887323943662 0.763202582880418
510 2.95746085821369 64.7887323943662 0.763202582880418
511 2.95746085821369 64.7887323943662 0.763202582880418
512 2.95746085821369 64.7887323943662 0.763202582880418
513 2.95746085821369 64.7887323943662 0.763202582880418
514 2.95746085821369 64.7887323943662 0.763202582880418
515 2.95746085821369 64.7887323943662 0.763202582880418
516 2.95746085821369 64.7887323943662 0.763202582880418
517 2.95746085821369 64.7887323943662 0.763202582880418
518 2.95746085821369 64.7887323943662 0.763202582880418
519 2.95746085821369 64.7887323943662 0.763202582880418
520 2.95746085821369 64.7887323943662 0.763202582880418
521 2.95746085821369 64.7887323943662 0.763202582880418
522 2.95746085821369 64.7887323943662 0.763202582880418
523 2.95746085821369 64.7887323943662 0.763202582880418
524 2.95746085821369 64.7887323943662 0.763202582880418
525 2.95746085821369 64.7887323943662 0.763202582880418
526 2.95746085821369 64.7887323943662 0.763202582880418
527 2.95746085821369 64.7887323943662 0.763202582880418
528 2.95746085821369 64.7887323943662 0.763202582880418
529 2.95746085821369 64.7887323943662 0.763202582880418
530 2.95746085821369 64.7887323943662 0.763202582880418
531 2.95746085821369 64.7887323943662 0.763202582880418
532 2.95746085821369 64.7887323943662 0.763202582880418
533 2.95746085821369 64.7887323943662 0.763202582880418
534 2.95746085821369 64.7887323943662 0.763202582880418
535 2.95746085821369 64.7887323943662 0.763202582880418
536 2.95746085821369 64.7887323943662 0.763202582880418
537 2.95746085821369 64.7887323943662 0.763202582880418
538 2.95746085821369 64.7887323943662 0.763202582880418
539 2.95746085821369 64.7887323943662 0.763202582880418
540 2.95746085821369 64.7887323943662 0.763202582880418
541 2.95746085821369 64.7887323943662 0.763202582880418
542 2.95746085821369 64.7887323943662 0.763202582880418
543 2.95746085821369 64.7887323943662 0.763202582880418
544 2.95746085821369 64.7887323943662 0.763202582880418
545 2.95746085821369 64.7887323943662 0.763202582880418
546 2.95746085821369 64.7887323943662 0.763202582880418
547 2.95746085821369 64.7887323943662 0.763202582880418
548 2.95746085821369 64.7887323943662 0.763202582880418
549 2.95746085821369 64.7887323943662 0.763202582880418
550 2.95746085821369 64.7887323943662 0.763202582880418
551 2.95746085821369 64.7887323943662 0.763202582880418
552 2.95746085821369 64.7887323943662 0.763202582880418
553 2.95746085821369 64.7887323943662 0.763202582880418
554 2.95746085821369 64.7887323943662 0.763202582880418
555 2.95746085821369 64.7887323943662 0.763202582880418
556 2.95746085821369 64.7887323943662 0.763202582880418
557 2.95746085821369 64.7887323943662 0.763202582880418
558 2.95746085821369 64.7887323943662 0.763202582880418
559 2.95746085821369 64.7887323943662 0.763202582880418
560 2.95746085821369 64.7887323943662 0.763202582880418
561 2.95746085821369 64.7887323943662 0.763202582880418
562 2.95739134073137 64.7887323943662 0.76086440382121
563 2.95739134073137 64.7887323943662 0.76086440382121
564 2.95738525146663 64.7887323943662 0.748641041655707
565 2.95738525146663 64.7887323943662 0.748641041655707
566 2.95738525146663 64.7887323943662 0.748641041655707
567 2.95738525146663 64.7887323943662 0.748641041655707
568 2.95738525146663 64.7887323943662 0.748641041655707
569 2.95738525146663 64.7887323943662 0.748641041655707
570 2.95738525146663 64.7887323943662 0.748641041655707
571 2.9573884228239 64.7887323943662 0.747992832369758
572 2.9573884228239 64.7887323943662 0.747992832369758
573 2.9573884228239 64.7887323943662 0.747992832369758
574 2.9573884228239 64.7887323943662 0.747992832369758
575 2.9573884228239 64.7887323943662 0.747992832369758
576 2.9573884228239 64.7887323943662 0.747992832369758
577 2.9573884228239 64.7887323943662 0.747992832369758
578 2.95740675615491 64.7887323943662 0.747610226573169
579 2.95740675615491 64.7887323943662 0.747610226573169
580 2.95740399918666 64.7887323943662 0.747437944251233
581 2.95740399918666 64.7887323943662 0.747437944251233
582 2.95740399918666 64.7887323943662 0.747437944251233
583 2.95740399918666 64.7887323943662 0.747437944251233
584 2.95740296961816 64.7887323943662 0.747348742077231
585 2.95740296961816 64.7887323943662 0.747348742077231
586 2.95740296961816 64.7887323943662 0.747348742077231
587 2.95740296961816 64.7887323943662 0.747348742077231
588 2.95740296961816 64.7887323943662 0.747348742077231
589 2.95740296961816 64.7887323943662 0.747348742077231
590 2.95740296961816 64.7887323943662 0.747348742077231
591 2.95740296961816 64.7887323943662 0.747348742077231
592 2.95740345817313 64.7887323943662 0.74733389441546
593 2.95740345817313 64.7887323943662 0.74733389441546
594 2.95740171086938 64.7887323943662 0.747319582025109
595 2.95740171086938 64.7887323943662 0.747319582025109
596 2.95740171086938 64.7887323943662 0.747319582025109
597 2.95740171086938 64.7887323943662 0.747319582025109
598 2.95740171086938 64.7887323943662 0.747319582025109
599 2.95740171086938 64.7887323943662 0.747319582025109
600 2.95734509386708 64.7887323943662 0.741218761279418
601 2.95734509386708 64.7887323943662 0.741218761279418
602 2.95734509386708 64.7887323943662 0.741218761279418
603 2.95734509386708 64.7887323943662 0.741218761279418
604 2.95734509386708 64.7887323943662 0.741218761279418
605 2.95734509386708 64.7887323943662 0.741218761279418
606 2.95734509386708 64.7887323943662 0.741218761279418
607 2.95734509386708 64.7887323943662 0.741218761279418
608 2.95734509386708 64.7887323943662 0.741218761279418
609 2.95736876719348 64.7887323943662 0.741162933540833
610 2.95736876719348 64.7887323943662 0.741162933540833
611 2.95736876719348 64.7887323943662 0.741162933540833
612 2.95735370299685 64.7887323943662 0.741030156989827
613 2.95735370299685 64.7887323943662 0.741030156989827
614 2.95735370299685 64.7887323943662 0.741030156989827
615 2.95735810422722 64.7887323943662 0.741006612030246
616 2.95735810422722 64.7887323943662 0.741006612030246
617 2.95735810422722 64.7887323943662 0.741006612030246
618 2.95735038272087 64.7887323943662 0.74097098885511
619 2.95735038272087 64.7887323943662 0.74097098885511
620 2.9573509846036 64.7887323943662 0.740943520294645
621 2.9573509846036 64.7887323943662 0.740943520294645
622 2.9573509846036 64.7887323943662 0.740943520294645
623 2.9573509846036 64.7887323943662 0.740943520294645
624 2.95734222434765 64.7887323943662 0.740941540114516
625 2.95734222434765 64.7887323943662 0.740941540114516
626 2.95734222434765 64.7887323943662 0.740941540114516
627 2.95734844200339 64.7887323943662 0.740848982730095
628 2.95734844200339 64.7887323943662 0.740848982730095
629 2.95735099241205 64.7887323943662 0.740835888453024
630 2.95735099241205 64.7887323943662 0.740835888453024
631 2.95735099241205 64.7887323943662 0.740835888453024
632 2.95735099241205 64.7887323943662 0.740835888453024
633 2.95735099241205 64.7887323943662 0.740835888453024
634 2.95735099241205 64.7887323943662 0.740835888453024
635 2.95735099241205 64.7887323943662 0.740835888453024
636 2.95735099241205 64.7887323943662 0.740835888453024
637 2.95735099241205 64.7887323943662 0.740835888453024
638 2.95735099241205 64.7887323943662 0.740835888453024
639 2.95735099241205 64.7887323943662 0.740835888453024
640 2.95735099241205 64.7887323943662 0.740835888453024
641 2.95735099241205 64.7887323943662 0.740835888453024
642 2.95735099241205 64.7887323943662 0.740835888453024
643 2.95735099241205 64.7887323943662 0.740835888453024
644 2.95735099241205 64.7887323943662 0.740835888453024
645 2.9573522188461 64.7887323943662 0.740815177260216
646 2.9573522188461 64.7887323943662 0.740815177260216
647 2.9573522188461 64.7887323943662 0.740815177260216
648 2.9573522188461 64.7887323943662 0.740815177260216
649 2.95735399645282 64.7887323943662 0.740809548586231
650 2.95735557829457 64.7887323943662 0.740784625740681
651 2.95735672837823 64.7887323943662 0.740771175126567
652 2.95735756515275 64.7887323943662 0.740763895785216
653 2.95735817429163 64.7887323943662 0.740759943570965
654 2.95735861789162 64.7887323943662 0.740757788868301
655 2.95735894103035 64.7887323943662 0.740756607536815
656 2.95735917646792 64.7887323943662 0.740755954903232
657 2.95735934803252 64.7887323943662 0.740755590678382
658 2.95735947306624 64.7887323943662 0.740755384742586
659 2.95735956419623 64.7887323943662 0.740755266407946
660 2.95735963061957 64.7887323943662 0.740755197089853
661 2.95735967903665 64.7887323943662 0.740755155584707
662 2.95735971432976 64.7887323943662 0.74075513013352
663 2.95735974005688 64.7887323943662 0.740755114137051
664 2.95735975881111 64.7887323943662 0.740755103836053
665 2.95735977248251 64.7887323943662 0.740755097050124
666 2.95735978244872 64.7887323943662 0.740755092487881
667 2.95735978971397 64.7887323943662 0.740755089366522
668 2.95735979501027 64.7887323943662 0.740755087199775
669 2.95735979887123 64.7887323943662 0.740755085678007
670 2.95735980168586 64.7887323943662 0.740755084599349
671 2.95735980373771 64.7887323943662 0.740755083829341
672 2.9573598052335 64.7887323943662 0.740755083276675
673 2.95735980632394 64.7887323943662 0.740755082878397
674 2.95735980711886 64.7887323943662 0.740755082590504
675 2.95735980769836 64.7887323943662 0.740755082381931
676 2.95735980812081 64.7887323943662 0.740755082230575
677 2.95735980842878 64.7887323943662 0.740755082120601
678 2.95735980865329 64.7887323943662 0.740755082040626
679 2.95735980881695 64.7887323943662 0.740755081982432
680 2.95735980893627 64.7887323943662 0.740755081940063
681 2.95735980902325 64.7887323943662 0.740755081909204
682 2.95735980908665 64.7887323943662 0.740755081886723
683 2.95735980913288 64.7887323943662 0.740755081870343
684 2.95735980916658 64.7887323943662 0.740755081858406
685 2.95735980919114 64.7887323943662 0.740755081849708
686 2.95735980920905 64.7887323943662 0.740755081843366
687 2.9573598092221 64.7887323943662 0.740755081838744
688 2.95735980923162 64.7887323943662 0.740755081835374
689 2.95735980923856 64.7887323943662 0.740755081832921
690 2.95735980924362 64.7887323943662 0.740755081831129
691 2.95735980924731 64.7887323943662 0.740755081829826
692 2.95735980924999 64.7887323943662 0.740755081828875
693 2.95735980925195 64.7887323943662 0.740755081828181
694 2.95735980925338 64.7887323943662 0.740755081827674
695 2.95735980925442 64.7887323943662 0.740755081827305
696 2.95735980925518 64.7887323943662 0.74075508182704
697 2.95735980925574 64.7887323943662 0.740755081826841
698 2.95735980925614 64.7887323943662 0.740755081826699
699 2.95735980925643 64.7887323943662 0.740755081826596
700 2.95735980925665 64.7887323943662 0.740755081826519
701 2.9573598092568 64.7887323943662 0.740755081826463
702 2.95735980925692 64.7887323943662 0.740755081826425
703 2.957359809257 64.7887323943662 0.740755081826394
704 2.95735980925706 64.7887323943662 0.740755081826374
705 2.95735980925711 64.7887323943662 0.740755081826358
706 2.95735980925714 64.7887323943662 0.740755081826346
707 2.95735980925716 64.7887323943662 0.740755081826336
708 2.95735980925718 64.7887323943662 0.74075508182633
709 2.95735980925719 64.7887323943662 0.740755081826326
710 2.9573598092572 64.7887323943662 0.740755081826323
711 2.95735980925721 64.7887323943662 0.740755081826319
712 2.95735980925721 64.7887323943662 0.740755081826319
713 2.95735980925721 64.7887323943662 0.7407550818263
714 2.95735980925721 64.7887323943662 0.740755081826288
715 2.95735980925721 64.7887323943662 0.740755081826279
716 2.95735980925721 64.7887323943662 0.74075508182627
717 2.95735980925721 64.7887323943662 0.740755081826262
718 2.95735980925721 64.7887323943662 0.740755081826259
719 2.95735980925721 64.7887323943662 0.740755081826257
720 2.95735980925721 64.7887323943662 0.740755081826255
721 2.95735980925721 64.7887323943662 0.740755081826254
722 2.95735980925721 64.7887323943662 0.740755081826254
723 2.95735980925721 64.7887323943662 0.740755081826254
724 2.95735980925721 64.7887323943662 0.740755081826251
725 2.95735980925721 64.7887323943662 0.740755081826249
726 2.95735980925721 64.7887323943662 0.740755081826248
727 2.95735980925721 64.7887323943662 0.740755081826248
728 2.95735980925721 64.7887323943662 0.740755081826248
729 2.95735980925721 64.7887323943662 0.740755081826248
730 2.95735980925721 64.7887323943662 0.740755081826248
731 2.95735980925721 64.7887323943662 0.740755081826248
732 2.95735980925721 64.7887323943662 0.740755081826248
733 2.95735980925721 64.7887323943662 0.740755081826248
734 2.95735980925721 64.7887323943662 0.740755081826248
735 2.95735980925721 64.7887323943662 0.740755081826248
736 2.95735980925721 64.7887323943662 0.740755081826248
737 2.95735980925721 64.7887323943662 0.740755081826248
738 2.95735980925721 64.7887323943662 0.740755081826248
739 2.95735980925721 64.7887323943662 0.740755081826248
740 2.95735980925721 64.7887323943662 0.740755081826248
741 2.95735980925721 64.7887323943662 0.740755081826248
742 2.95735980925721 64.7887323943662 0.740755081826248
743 2.95735980925721 64.7887323943662 0.740755081826248
744 2.95735980925721 64.7887323943662 0.740755081826248
745 2.95735980925721 64.7887323943662 0.740755081826248
746 2.95735980925721 64.7887323943662 0.740755081826248
747 2.95735980925721 64.7887323943662 0.740755081826248
748 2.95735980925721 64.7887323943662 0.740755081826248
749 2.95735980925721 64.7887323943662 0.740755081826248
750 2.95735980925721 64.7887323943662 0.740755081826248
751 2.95735980925721 64.7887323943662 0.740755081826248
752 2.95735980925721 64.7887323943662 0.740755081826248
753 2.95735980925721 64.7887323943662 0.740755081826248
754 2.95735980925721 64.7887323943662 0.740755081826248
755 2.95735980925721 64.7887323943662 0.740755081826248
756 2.95735980925721 64.7887323943662 0.740755081826248
757 2.95735980925721 64.7887323943662 0.740755081826248
758 2.95735980925721 64.7887323943662 0.740755081826248
759 2.95735980925721 64.7887323943662 0.740755081826248
760 2.95735980925721 64.7887323943662 0.740755081826248
761 2.95735980925721 64.7887323943662 0.740755081826248
762 2.95735980925721 64.7887323943662 0.740755081826248
763 2.95735980925721 64.7887323943662 0.740755081826248
764 2.95735980925721 64.7887323943662 0.740755081826248
765 2.95735980925721 64.7887323943662 0.740755081826248
766 2.95735980925721 64.7887323943662 0.740755081826248
767 2.95735980925721 64.7887323943662 0.740755081826248
768 2.95735980925721 64.7887323943662 0.740755081826248
769 2.95735980925721 64.7887323943662 0.740755081826248
770 2.95735980925721 64.7887323943662 0.740755081826248
771 2.95735980925721 64.7887323943662 0.740755081826247
772 2.95735980925721 64.7887323943662 0.740755081826247
773 2.95735980925721 64.7887323943662 0.740755081826247
774 2.95735980925721 64.7887323943662 0.740755081826247
775 2.95735980925721 64.7887323943662 0.740755081826247
776 2.95735980925721 64.7887323943662 0.740755081826247
777 2.95735980925721 64.7887323943662 0.740755081826247
778 2.95735980925721 64.7887323943662 0.740755081826247
779 2.95811950378632 64.7887323943662 0.735960348646927
780 2.95824782521433 64.7887323943662 0.732780075993482
781 2.95824782521433 64.7887323943662 0.732780075993482
782 2.95837862446468 64.7887323943662 0.722488274627129
783 2.95837862446468 64.7887323943662 0.722488274627129
784 2.95837862446468 64.7887323943662 0.722488274627129
785 2.95837862446468 64.7887323943662 0.722488274627129
786 2.95837862446468 64.7887323943662 0.722488274627129
787 2.95837862446468 64.7887323943662 0.722488274627129
788 2.95837862446468 64.7887323943662 0.722488274627129
789 2.95838305530626 64.7887323943662 0.72026557151836
790 2.95838305530626 64.7887323943662 0.72026557151836
791 2.95847710034719 64.7887323943662 0.714313871435605
792 2.95847710034719 64.7887323943662 0.714313871435605
793 2.95847710034719 64.7887323943662 0.714313871435605
794 2.95845369588405 64.7887323943662 0.71333422227336
795 2.95843319357496 64.7887323943662 0.708539308284081
796 2.95843185765092 64.7887323943662 0.704735862744528
797 2.95843103142583 64.7887323943662 0.701998291183474
798 2.95843103142583 64.7887323943662 0.701998291183474
799 2.95843097442182 64.7887323943662 0.701448183681802
800 2.95842573237357 64.7887323943662 0.69833311784177
801 2.95842366264667 64.7887323943662 0.697785534477553
802 2.95841781980812 64.7887323943662 0.696667801969179
803 2.95841325549576 64.7887323943662 0.696479636763867
804 2.95841325549576 64.7887323943662 0.696479636763867
805 2.95840786588285 64.7887323943662 0.696458773388885
806 2.95840786588285 64.7887323943662 0.696458773388885
807 2.95843659749424 64.7887323943662 0.696203316015493
808 2.95846751057305 64.7887323943662 0.695689289305099
809 2.95845466069746 64.7887323943662 0.695355609178714
810 2.95847554702918 64.7887323943662 0.695219256663246
811 2.95847554702918 64.7887323943662 0.695219256663246
812 2.95847554702918 64.7887323943662 0.695219256663246
813 2.95847231177341 64.7887323943662 0.69454379875425
814 2.95847749794479 64.7887323943662 0.693199766613465
815 2.9584904038891 64.7887323943662 0.691590783048835
816 2.95849751038023 64.7887323943662 0.690123782706116
817 2.95850162344273 64.7887323943662 0.688866456985231
818 2.95850342105874 64.7887323943662 0.688138026166304
819 2.95850409083819 64.7887323943662 0.687705853824966
820 2.95851249925137 64.7887323943662 0.686923890287591
821 2.95851685711072 64.7887323943662 0.686260838486806
822 2.95852235315212 64.7887323943662 0.68515437698718
823 2.95852634082053 64.7887323943662 0.684996559587218
824 2.95854677283342 64.7887323943662 0.684587707036669
825 2.95854972468243 64.7887323943662 0.683954936699929
826 2.9585607510284 64.7887323943662 0.683500946439246
827 2.95855358742419 64.7887323943662 0.682923693288608
828 2.95854960169715 64.7887323943662 0.682796702353474
829 2.95854960169715 64.7887323943662 0.682796702353474
830 2.95854960169715 64.7887323943662 0.682796702353474
831 2.95854532329308 64.7887323943662 0.682551259356495
832 2.95854532329308 64.7887323943662 0.682551259356495
833 2.95854696480148 64.7887323943662 0.682300255280567
834 2.95854777222665 64.7887323943662 0.681526534368273
835 2.95852128374443 64.7887323943662 0.681137754069464
836 2.95852128374443 64.7887323943662 0.681137754069464
837 2.95852128374443 64.7887323943662 0.681137754069464
838 2.95852128374443 64.7887323943662 0.681137754069464
839 2.95852128374443 64.7887323943662 0.681137754069464
840 2.95852128374443 64.7887323943662 0.681137754069464
841 2.95852128374443 64.7887323943662 0.681137754069464
842 2.95852128374443 64.7887323943662 0.681137754069464
843 2.95852128374443 64.7887323943662 0.681137754069464
844 2.95852128374443 64.7887323943662 0.681137754069464
845 2.95855173087991 64.7887323943662 0.681112676364487
846 2.95855173087991 64.7887323943662 0.681112676364487
847 2.95853269299595 64.7887323943662 0.681096349093467
848 2.95853269299595 64.7887323943662 0.681096349093467
849 2.9585204667969 64.7887323943662 0.681029558414383
850 2.9585204667969 64.7887323943662 0.681029558414383
851 2.9585204667969 64.7887323943662 0.681029558414383
852 2.9585204667969 64.7887323943662 0.681029558414383
853 2.95853756935569 64.7887323943662 0.681005238351108
854 2.95852738544028 64.7887323943662 0.680997778802938
855 2.95853031604089 64.7887323943662 0.680978179807702
856 2.95852937678041 64.7887323943662 0.680952827748114
857 2.95852937678041 64.7887323943662 0.680952827748114
858 2.95852576386583 64.7887323943662 0.680897357020315
859 2.95852253861062 64.7887323943662 0.680834024827402
860 2.95851993436927 64.7887323943662 0.680810398515478
861 2.95851790138743 64.7887323943662 0.680805174053229
862 2.95851790138743 64.7887323943662 0.680805174053229
863 2.95851790138743 64.7887323943662 0.680805174053229
864 2.95851711760494 64.7887323943662 0.680801202498084
865 2.95851756818003 64.7887323943662 0.680800433103985
866 2.95851505733205 64.7887323943662 0.68077558013588
867 2.95851602075967 64.7887323943662 0.680749185243001
868 2.95851826641618 64.7887323943662 0.680712125172183
869 2.95851988600614 64.7887323943662 0.680693905045242
870 2.95852105739059 64.7887323943662 0.680685294346074
871 2.95852038285312 64.7887323943662 0.680677723537675
872 2.95852004560346 64.7887323943662 0.680675648174101
873 2.95851915776373 64.7887323943662 0.680671322128285
874 2.95851850167692 64.7887323943662 0.680668401608432
875 2.95851801868613 64.7887323943662 0.680666396310729
876 2.95851695468127 64.7887323943662 0.680622272743971
877 2.95851833509569 64.7887323943662 0.680591088221251
878 2.95851959620153 64.7887323943662 0.680578918402798
879 2.9585204900523 64.7887323943662 0.680577364519726
880 2.9585204900523 64.7887323943662 0.680577364519726
881 2.9585204900523 64.7887323943662 0.680577364519726
882 2.9585204900523 64.7887323943662 0.680577364519726
883 2.95852088492387 64.7887323943662 0.680571581333797
884 2.95852115454948 64.7887323943662 0.680570200321519
885 2.95852115454948 64.7887323943662 0.680570200321519
886 2.95852099463438 64.7887323943662 0.68056999514619
887 2.95852073435076 64.7887323943662 0.680569895730666
888 2.95852073435076 64.7887323943662 0.680569895730666
889 2.95852073435076 64.7887323943662 0.680569895730666
890 2.95852073435076 64.7887323943662 0.680569895730666
891 2.95852073435076 64.7887323943662 0.680569895730666
892 2.95852061177177 64.7887323943662 0.680569664182404
893 2.95852043566913 64.7887323943662 0.680569422831842
894 2.95852030709126 64.7887323943662 0.680569263986008
895 2.95852021325221 64.7887323943662 0.680569157273867
896 2.95852014478733 64.7887323943662 0.680569084309442
897 2.95852009484655 64.7887323943662 0.680569033684487
898 2.95851668163902 64.7887323943662 0.680566623191253
899 2.95851668163902 64.7887323943662 0.680566623191253
900 2.95851668163902 64.7887323943662 0.680566623191253
901 2.95851668163902 64.7887323943662 0.680566623191253
902 2.95851668163902 64.7887323943662 0.680566623191253
903 2.95851858597062 64.7887323943662 0.680565491146258
904 2.95851791210568 64.7887323943662 0.680564359292448
905 2.95851741954497 64.7887323943662 0.680563744714445
906 2.95851705977035 64.7887323943662 0.680563408563546
907 2.95851679712378 64.7887323943662 0.680563222959472
908 2.95851660545734 64.7887323943662 0.680563119245981
909 2.95851646562775 64.7887323943662 0.68056306042719
910 2.95851702387998 64.7887323943662 0.680561093970405
911 2.95851666928838 64.7887323943662 0.680560774724913
912 2.95851660354683 64.7887323943662 0.680559201818226
913 2.95851655555442 64.7887323943662 0.68055878488418
914 2.95851655555442 64.7887323943662 0.68055878488418
915 2.95851655555442 64.7887323943662 0.68055878488418
916 2.95851631594571 64.7887323943662 0.68055510042986
917 2.95851374059488 64.7887323943662 0.680552453598477
918 2.958511852522 64.7887323943662 0.680551475546796
919 2.95851046079233 64.7887323943662 0.680551110397636
920 2.95851044541966 64.7887323943662 0.680548681792394
921 2.9585104263681 64.7887323943662 0.680547608882026
922 2.9585104120566 64.7887323943662 0.680547259606765
923 2.95850741735644 64.7887323943662 0.6805440871192
924 2.95850521644 64.7887323943662 0.680543278188004
925 2.95850648278473 64.7887323943662 0.680543133259755
926 2.95850630404864 64.7887323943662 0.680542632997305
927 2.95850630404864 64.7887323943662 0.680542632997305
928 2.95850690041254 64.7887323943662 0.680542108357676
929 2.95850604228826 64.7887323943662 0.680541737586548
930 2.95850541420648 64.7887323943662 0.680541476811455
931 2.95850495500143 64.7887323943662 0.680541291764408
932 2.95850272808074 64.7887323943662 0.68054055192756
933 2.95850200042793 64.7887323943662 0.680540359094663
934 2.95850077899339 64.7887323943662 0.680540028881775
935 2.95849988515157 64.7887323943662 0.680539798125966
936 2.95849923172555 64.7887323943662 0.680539635203152
937 2.95849805681201 64.7887323943662 0.680538864906275
938 2.95849688824632 64.7887323943662 0.680537951192744
939 2.95849586408444 64.7887323943662 0.680537261414899
940 2.95849435547976 64.7887323943662 0.680535914229726
941 2.95849317619957 64.7887323943662 0.68053475178584
942 2.95849231271434 64.7887323943662 0.680533975449067
943 2.95848908189853 64.7887323943662 0.680532965715372
944 2.95848841172912 64.7887323943662 0.680531389703109
945 2.95848722759524 64.7887323943662 0.68052842851402
946 2.95848472045879 64.7887323943662 0.680525011736157
947 2.95848260679368 64.7887323943662 0.680520656958138
948 2.95848085709114 64.7887323943662 0.680512466194065
949 2.95847859372473 64.7887323943662 0.680506334049093
950 2.95847611887414 64.7887323943662 0.680501515725633
951 2.95847355920667 64.7887323943662 0.680488718272894
952 2.95847273069689 64.7887323943662 0.680473731078163
953 2.95846911134734 64.7887323943662 0.68045120078266
954 2.95846714913291 64.7887323943662 0.680417950752137
955 2.95846214517406 64.7887323943662 0.680394243088081
956 2.95845843565283 64.7887323943662 0.680377654119464
957 2.95845569867547 64.7887323943662 0.680365930124646
958 2.95845220395032 64.7887323943662 0.68031648847246
959 2.95844705684105 64.7887323943662 0.680284075192985
960 2.95844286006146 64.7887323943662 0.680239943304662
961 2.95844006582757 64.7887323943662 0.680171915755849
962 2.95843565977131 64.7887323943662 0.680125115438457
963 2.95842860382616 64.7887323943662 0.680073948726093
964 2.95842528037054 64.7887323943662 0.680029879048276
965 2.95841730934532 64.7887323943662 0.679959721462824
966 2.95841004066118 64.7887323943662 0.67987983265642
967 2.95841004066118 64.7887323943662 0.67987983265642
968 2.95840950367999 64.7887323943662 0.679865248419158
969 2.95841300369145 64.7887323943662 0.679836647714192
970 2.9584229510444 64.7887323943662 0.679813411397811
971 2.9584229510444 64.7887323943662 0.679813411397811
972 2.95842074132948 64.7887323943662 0.679809192902782
973 2.95842029222043 64.7887323943662 0.67980377062022
974 2.95841981595621 64.7887323943662 0.679796436443786
975 2.95842312600353 64.7887323943662 0.679765701009308
976 2.95842763698332 64.7887323943662 0.679743953026738
977 2.95842763698332 64.7887323943662 0.679743953026738
978 2.95842881608015 64.7887323943662 0.679740482469605
979 2.95842729688758 64.7887323943662 0.679734682837814
980 2.95842971467791 64.7887323943662 0.67972417326707
981 2.95842796544071 64.7887323943662 0.679716187189977
982 2.95843096328622 64.7887323943662 0.679708285496139
983 2.95843178312039 64.7887323943662 0.679693708711758
984 2.95843173718049 64.7887323943662 0.679667965683362
985 2.95843350678519 64.7887323943662 0.679627661320129
986 2.95843432612882 64.7887323943662 0.67959094200484
987 2.95843842217019 64.7887323943662 0.679559155691496
988 2.95844237375737 64.7887323943662 0.679507881933879
989 2.95844749997064 64.7887323943662 0.679470684716956
990 2.95845259996651 64.7887323943662 0.679426534859611
991 2.95846237028582 64.7887323943662 0.679384939417181
992 2.95847013598658 64.7887323943662 0.679336566104495
993 2.95847627085744 64.7887323943662 0.679296572063815
994 2.9584863576619 64.7887323943662 0.679241036470983
995 2.95849858064122 64.7887323943662 0.679225192070133
996 2.95849858064122 64.7887323943662 0.679225192070133
997 2.95849004743915 64.7887323943662 0.679190292295145
998 2.95847613484476 64.7887323943662 0.679153542114287
999 2.95846546239054 64.7887323943662 0.67914762108053